V

0.75
0
0

--------------------

0.5
0.35
0.15

0.5
0.15
0.35

0.5
-0.15
0.35

0.5
-0.35
0.15

0.5
-0.35
-0.15

0.5
-0.15
-0.35

0.5
0.15
-0.35

0.5
0.35
-0.15

--------------------

-0.25
0.25
0.15

-0.25
0.15
0.25

-0.25
-0.15
0.25

-0.25
-0.25
0.15

-0.25
-0.25
-0.15

-0.25
-0.15
-0.25

-0.25
0.15
-0.25

-0.25
0.25
-0.15

--------------------

-0.75
0.5
0.2

-0.75
0.2
0.5

-0.75
-0.2
0.5

-0.75
-0.5
0.2

-0.75
-0.5
-0.2

-0.75
-0.2
-0.5

-0.75
0.2
-0.5

-0.75
0.5
-0.2

--------------------

-0.6
0.2
0.2

-0.6
-0.2
0.2

-0.6
-0.2
-0.2

-0.6
0.2
-0.2

--------------------

I


0
1
2

0
2
3

0
3
4

0
4
5

0
5
6

0
6
7

0
7
8

0
8
1

--------------------

1
9
2

9
10
2

2
10
3

3
10
11

3
11
4

4
11
12

4
12
5

5
12
13

5
13
6

6
13
14

6
14
7

7
14
15

7
15
8

8
15
16

8
16
1

1
16
9

--------------------

9
17
10

10
17
18

10
18
11

11
18
19

11
19
12

12
19
20

12
20
13

13
20
21

13
21
14

14
21
22

14
22
15

15
22
23

15
23
16

16
23
24

16
24
9

9
24
17

--------------------

17
24
28

24
23
28

23
22
28

28
22
27

27
22
21

27
21
26

26
21
20

26
20
19

26
19
18

26
18
25

25
18
17

25
17
28


25
28
27

25
27
26


--------------------

E