V

-3
0.5
-0.25

-2.75
0.5
-0.4

0.5
0.5
-0.5

1.6
0.5
-0.4

2
0
-0.25

1.6
0
-0.25

1.3
-1
-0.1

-1
-1
-0.25

-2.5
-0.5
-0.1

-2.75
0
-0.25

-1
0
-0.25

--------------------
-3
0.5
0.25

-2.75
0.5
0.4

0.5
0.5
0.5

1.6
0.5
0.4

2
0
0.25

1.6
0
0.25

1.3
-1
0.1

-1
-1
0.25

-2.5
-0.5
0.1

-2.75
0
0.25

-1
0
0.25
--------------------
0
0.5
-0.25

0
1
-0.25

0.5
0.5
-0.25

0.5
1
-0.25

0
0.5
0.25

0
1
0.25

0.5
0.5
0.25

0.5
1
0.25

--------------------

-0.2
1.2
0

-0.3
0.5
-0.2

-0.1
0.5
-0.2


-0.3
0.5
0.2

-0.1
0.5
0.2

--------------------
I

0
1
9

1
10
9

1
2
10

2
5
10

2
3
5

3
4
5

5
6
10

6
7
10

7
9
10

7
8
9
--------------------
11
12
20

12
21
20

12
13
21

13
16
21

14
16
13

14
15
16

16
17
21

17
18
21

18
20
21

18
19
20
--------------------
0
11
12

12
1
0

1
12
13

13
2
1

2
13
14

14
3
2

3
14
15

15
4
3
--------------------
4
15
16

16
5
4

5
16
17

17
6
5
--------------------
6
17
18

18
7
6

7
18
19

19
8
7

8
19
20

20
9
8

9
20
11

11
0
9

--------------------
23
25
24

23
24
22

27
29
28

27
28
26

27
23
22

27
22
26

27
29
23

29
25
23

25
29
24

25
29
28

--------------------
30
32
31

30
33
34

30
31
33

30
32
34

E