V

0
0
-2.5

0
0.25
-3.5

-0.25
0
-3.5

0
-0.25
-3.5

0.25
0
-3.5

--------------------

-0.25
0.5
-3

-0.5
0.25
-3

-0.5
-0.25
-3

-0.25
-0.5
-3

0.25
-0.5
-3

0.5
-0.25
-3

0.5
0.25
-3

0.25
0.5
-3

--------------------

0.25
0.5
0

-0.25
0.5
0

-0.5
0.25
0

-0.5
0
0

-0.25
-0.25
0

0
0
0

0.25
-0.25
0

0.5
0
0

0.5
0.25
0

--------------------

0
0.5
-1.5

0
1.25
-2

0
1.25
-2.5

0
0.5
-2.5

--------------------

0.5
1.25
-2.25

0.5
1.25
-2.5

-0.5
1.25
-2.25

-0.5
1.25
-2.5

--------------------

I

0
1
2

0
2
3

0
3
4

0
4
1

--------------------

0
18
19

0
19
20

0
20
21

0
21
13

0
13
14

0
14
15

0
15
16

0
16
17

0
17
18

--------------------

1
12
5

1
5
6

1
6
2

2
6
7

2
7
3

3
7
8

3
8
9

3
9
10

3
10
4

4
10
11

4
11
1

1
11
12

--------------------

6
15
5

5
15
14

5
14
13

5
13
12

12
13
21

12
21
11

--------------------

11
10
21

21
10
20

6
7
15

15
16
7

--------------------

20
10
9

20
9
19

19
9
18

18
9
8

18
8
17

17
8
16

16
8
7

--------------------

22
23
24

22
24
25

23
26
27

23
27
29

23
29
28

--------------------

D

1
1.25
3.5

C

0
0
0

S
140

N
Blood

E