X
V

--------------------

0.75
0.35
-0.2

0.75
0.35
0.2

0.75
0
0.4

0.75
-0.35
0.2

0.75
-0.35
-0.2

0.75
0
-0.4

--------------------

-0.25
0.35
-0.2

-0.25
0.35
0.2

-0.25
0
0.4

-0.25
-0.35
0.2

-0.25
-0.35
-0.2

-0.25
0
-0.4

--------------------

-0.25
0.45
-0.25

-0.25
0.45
0.25

-0.25
0
0.5

-0.25
-0.45
0.25

-0.25
-0.45
-0.25

-0.25
0
-0.5

--------------------

-0.75
0.42
-0.25

-0.75
0.42
0.25

-0.75
0
0.5

-0.75
-0.42
0.25

-0.75
-0.42
-0.25

-0.75
0
-0.5

--------------------

I

1
2
3

3
4
0

4
5
0

0
1
3

--------------------

6
0
5

6
5
11

11
5
4

11
4
10

10
4
3

10
3
9

9
3
2

9
2
8

8
2
1

8
1
7

7
1
0

7
0
6

--------------------

13
14
15

15
16
12

16
17
12

12
13
15

--------------------

18
12
17

18
17
23

23
17
16

23
16
22

22
16
15

22
15
21

21
15
14

21
14
20

20
14
13

20
13
19

19
13
12

19
12
18

--------------------

19
20
21

21
22
18

22
23
18

18
19
21

--------------------

M
1.5

D

1.5
0.9
1

C

0
0
0

S
80

N
Bolt

E








