V

0
0
2.5

-0.5
0
2

0
0.5
2

0.5
0
2

-0.5
0
-1

0
0.5
-1

0.5
0
-1

0
0
-3.5

0
-0.5
2

0
-0.5
-1

--------------------

0
0
1

-2.5
0
-1

-2.5
0
-1.5

-1
0
-0.5

1
0
-0.5

2.5
0
-1.5

2.5
0
-1

--------------------

0
0.2
-2

-1.5
0.2
-2.5

-1.5
0.2
-3

1.5
0.2
-3

1.5
0.2
-2.5

--------------------

0
0.2
-2.5

0
1
-3.5

0
0.2
-3

--------------------

I

0
1
2

0
2
3

0
3
8

0
8
1

1
4
5

1
5
2

2
5
6

2
6
3

3
6
9

3
9
8

8
9
4

8
4
1

4
7
5

5
7
6

6
7
9

9
7
4

--------------------

11
12
13

11
13
10

10
13
14

10
14
16

14
15
16

--------------------

17
18
21

18
19
20

18
20
21

--------------------

22
23
24

--------------------

M
1.3

D
1
1
6

C
0
0
0

S
120

B
0
0
-2.7

1.4
0
-0.5

-0.2
-0.5
1

N
Jet

E
