V



0.0
0.0
-1.38


0.125
0.125
-1.5


0.125
-0.125
-1.5


-0.125
-0.125
-1.5


-0.125
0.125
-1.5


--------------------



0.0
0.375
-0.5


0.25
0.25
-0.5


0.375
0.0
-0.5


0.25
-0.25
-0.5


0.0
-0.375
-0.5


-0.25
-0.25
-0.5


-0.375
0.0
-0.5


-0.25
0.25
-0.5


--------------------



0.125
0.125
0.0


0.125
-0.125
0.0


-0.125
-0.125
0.0


-0.125
0.125
0.0


--------------------

I

0
1
2

0
2
3

0
3
4

0
4
1

--------------------

1
5
6

1
6
7

1
7
2

2
7
8

2
8
9

2
9
3

3
9
10

3
10
11

3
11
4

4
11
12

4
12
5

4
5
1

--------------------

13
5
6

13
6
7

13
7
14

14
7
8

14
8
9

14
9
15

15
9
10

15
10
11

15
11
16

16
11
12

16
12
5

16
5
13

--------------------

14
13
16

16
15
14

--------------------

D

1
0.4
0.4

C

0
0
0

--------------------
M
1

E


