V

-2.25
-1.5
-2.25

-2.25
0
-2.25

-0.75
1.5
-2.25

0.75
1.5
-2.25

2.25
0
-2.25

2.25
-1.5
-2.25

-0.75
-1.5
0

0.75
-1.5
0

-0.75
-0.375
0

0.75
-0.375
0

-0.375
0
0

0.375
0
0
--------------------

-1.5
0
-2.25

-0.75
0.75
-2.25

0
0
-2.25

-0.75
-0.75
-2.25

0.75
0.75
-2.25

1.5
0
-2.25

0.75
-0.75
-2.25

-1.5
-1.5
-2.25

0
-1.5
-2.25

1.5
-1.5
-2.25

-0.75
0
-0.75

0.75
0
-0.75

-0.75
-1.5
-0.75

0.75
-1.5
-0.75

--------------------
I

0
6
8

0
1
8

1
8
10

1
2
10

2
10
11

2
3
11

3
11
9

3
4
9

4
9
7

4
5
7

6
7
9

6
8
9

8
10
11

8
9
11

12
13
22

13
14
22

14
15
22

15
12
22

14
16
23

16
17
23

17
18
23

18
14
23

19
15
24

15
20
24

20
18
25

18
21
25
--------------------
D
6
4
3

--------------------
C
0
1
-3

--------------------
M
1

--------------------
S
120

N
Warp

--------------------
E