V

1.5
0.25
-1

2.5
0.25
-0.5

2.5
0.25
0.5

1.5
0.25
1

-1.5
0.25
1

-2.5
0.25
0.5

-2.5
0.25
-0.5

-1.5
0.25
-1

-0.5
0.25
-0.7

0.5
0.25
-0.7

--------------------


1.5
-0.25
-1

2.5
-0.25
-0.5

2.5
-0.25
0.5

1.5
-0.25
1

-1.5
-0.25
1

-2.5
-0.25
0.5

-2.5
-0.25
-0.5

-1.5
-0.25
-1

-0.5
-0.25
-0.7

0.5
-0.25
-0.7

--------------------

-0.5
0.3
-0.5

-0.25
0.3
-0.25

-0.25
0.3
-0.5

0.25
0.3
-0.25

0.5
0.3
-0.25

0.25
0.3
-0.5

--------------------

1.5
0.3
-0.25

1.25
0.3
-0.75

1.75
0.3
-0.75

1.75
0.3
0

2.25
0.3
-0.25

2.25
0.3
0.25

1.5
0.3
0.25

1.75
0.3
0.75

1.25
0.3
0.75

1.25
0.3
0

0.75
0.3
0.25

0.75
0.3
-0.25

--------------------

-0.75
0.3
0

-1.5
0.3
0.75

-2.25
0.3
0

-1.5
0.3
-0.75

-1.25
0.3
-0.25

-1.25
0.3
0.25

-1.75
0.3
0.25

-1.75
0.3
-0.25

--------------------

I

0
10
1

10
11
1

1
11
2

11
12
2

2
12
3

12
13
3

3
13
4

13
14
4

4
14
5

14
15
5

5
15
6

15
16
6

6
16
7

16
17
7

7
17
8

17
18
8

8
18
9

18
19
9

9
19
0

19
10
0

--------------------

20
21
22

23
24
25

26
27
28

29
30
31

32
33
34

35
36
37

38
42
43

39
43
44

40
44
45

41
45
42

--------------------

0
1
2

0
2
9

9
2
3

9
3
8

8
3
4

8
4
7

7
4
5

7
5
6

--------------------
M
1.1

D

3
1
2

C

0
0
0

S
90

B
0
0
-1

2
0
-0.7

-2
-0.5
0.7

N
Pad

E