V

3
0
5

3
-2
4

3
-2
-4

3
0
-5

3
2
-4

3
2
4

3
-1
4

3
-1
-4

3
1
-4

3
1
4

--------------------

1
4
1

-1
4
1

-1
4
-1

1
4
-1

1
2
1

-1
2
1

-1
2
-1

1
2
-1

2
2
-1

2
2
1

1
2
2

-1
2
2

-2
2
1

-2
2
-1

-1
2
-2

1
2
-2

--------------------

0
3
0

-0.25
3
6

0
3.5
6

0.25
3
6

2
0
0

-2
0
0

--------------------

-3
0
5

-3
-2
4

-3
-2
-4

-3
0
-5

-3
2
-4

-3
2
4

-3
-1
4

-3
-1
-4

-3
1
-4

-3
1
4

--------------------

I

0
1
5

1
2
6

2
6
7

2
3
4

4
8
5

8
5
9

32
33
37

38
33
34

34
38
39

34
35
36

40
36
37

37
40
41

--------------------

10
11
13

11
12
13

10
20
21

21
10
11

11
22
23

23
11
12

12
13
25

12
24
25

13
18
19

13
19
10

--------------------

30
6
7

30
7
8

30
8
9

30
9
6

31
38
39

31
39
40

31
40
41

31
41
38

--------------------

26
27
28

26
28
29

26
27
29

27
28
29

--------------------

0
32
37

0
5
37

5
37
4

4
37
36

4
36
35

4
35
3

3
2
34

3
35
34

2
1
33

2
34
33

1
32
0

1
33
32

--------------------

10
19
20

11
21
22

12
23
24

13
25
18

--------------------

D
2
2
4

C
0
0
0

M
0.4

S
140

B
0
0.2
-3.5

3
0
-0.5

-2
-2.5
2

N
Panzer

E