X
V

-0.3
0.1
-0.1

-0.1
0.3
-0.1

0.1
0.3
-0.1

0.3
0.1
-0.1

0.3
-0.1
-0.1

0.1
-0.3
-0.1

-0.1
-0.3
-0.1

-0.3
-0.1
-0.1

-0.1
0.1
-0.2

0.1
0.1
-0.2

0.1
-0.1
-0.2

-0.1
-0.1
-0.2
--------------------

-0.3
0.1
0.1

-0.1
0.3
0.1

0.1
0.3
0.1

0.3
0.1
0.1

0.3
-0.1
0.1

0.1
-0.3
0.1

-0.1
-0.3
0.1

-0.3
-0.1
0.1

-0.1
0.1
0.2

0.1
0.1
0.2

0.1
-0.1
0.2

-0.1
-0.1
0.2

--------------------
I
0
1
8

1
8
9

1
2
8

2
3
9

9
10
4

9
3
4

10
4
5

11
6
5

11
10
5

7
11
6

0
7
11

0
8
11

8
9
10

8
11
10
--------------------

12
13
20

13
20
21

13
14
20

14
15
21

21
22
16

21
15
16

22
16
17

23
18
17

23
22
17

19
23
18

12
19
23

12
20
23

20
21
22

20
23
22
--------------------

0
12
1

12
13
1

1
13
2

13
14
2

2
14
3

14
15
3

3
15
4

15
16
4

4
16
5

16
17
5

5
17
6

17
18
6

6
18
7

18
19
7

7
19
0

19
12
0

--------------------
D
1.7
1.7
1.7
--------------------
C
0
0
0
--------------------
M
0.5
--------------------
S
90

N
BLT

--------------------
E