V

0
-0.35
4.5

0.5
0
2

0.5
-0.5
2

-0.5
-0.5
2

-0.5
0
2

--------------------

0.5
0
-2.5

0.5
-0.5
-2.5

-0.5
-0.5
-2.5

-0.5
0
-2.5

0.25
0
-3

0.25
-0.5
-3

-0.25
-0.5
-3

-0.25
0
-3

--------------------

0.5
-0.25
2

1.25
-0.25
1.75

1.25
-0.25
1.5

0.5
-0.25
1.5

-0.5
-0.25
2

-1.25
-0.25
1.75

-1.25
-0.25
1.5

-0.5
-0.25
1.5

--------------------

0.5
-0.25
-2

1.25
-0.25
-2.25

1.25
-0.25
-2.5

0.5
-0.25
-2.5

-0.5
-0.25
-2

-1.25
-0.25
-2.25

-1.25
-0.25
-2.5

-0.5
-0.25
-2.5

--------------------

0
0
1.75

0.25
0
1

0.25
0
0

0
0
-1

-0.25
0
0

-0.25
0
1

--------------------

0.12
0.25
1

0.12
0.25
0

-0.12
0.25
0

-0.12
0.25
1

--------------------

I

0
1
2

0
2
3

0
3
4

0
4
1

--------------------

1
2
5

2
5
6

4
3
8

3
8
7

--------------------

5
6
9

6
9
10

8
7
12

7
12
11

9
10
12

10
12
11

--------------------

1
8
5

4
8
1

5
12
9

5
8
12

--------------------

13
14
15

13
15
16

17
18
19

17
19
20

21
22
23

21
23
24

25
26
27

25
27
28

--------------------


29
34
38

29
38
35

29
35
30

--------------------

30
35
31

35
36
31

35
37
36

35
38
37

38
34
33

38
33
37

32
31
36

32
36
37

32
37
33
--------------------

D

2
1
6.5

C

0
0
0

S

130

B

0
0.5
0

0.6
-0.25
1

-1
-0.3
2.3

N
Hound

E